R 12.0
& 0 600
A 8 .01
e -150.0 100.0 200.0 560.0 -290.0 -720.0 0.0 1.0 0.0
b 1.0 0.7 0.2
l 1.0 1.0 1.0 -1.0 0.9 0.7
l 0.8 0.8 0.8  1.0 0.6 0.5
q 5 0.7 0.0 1.0  0.0 0.0 0.0 0.0 0.0 0.1 0.5 0.6 0.9  0.6 10.5  -0.1 48.0  0.0 0.0 0.0 -10.5 0.0 
q 5 0.7 0.0 1.0  0.0 0.0 0.0 0.0 0.0 0.1 0.5 0.6 0.9  0.6 10.5  -0.1  0.0  0.0 -48.0 48.0 0.0 0.0
q 5 0.7 0.0 1.0  0.0 0.0 0.0 0.0 0.0 0.1 0.5 0.6 0.9  0.6 10.5  -0.1  0.0 -10.5 0.0 0.0 0.0 -48.0
s 5 0.7 0.0 1.0  0.0 0.0 0.0 0.0 0.0 0.1 0.5 0.6 0.9 24.0 12.0 -24.0 16.0
s 5 0.7 0.0 1.0  0.0 0.0 0.0 0.0 0.0 0.1 0.5 0.6 0.9  0.0 10.5 -48.0  8.0
s 5 0.7 0.0 1.0  0.0 0.0 0.0 0.0 0.0 0.1 0.5 0.6 0.9 48.0 10.5   0.0  8.0
r 4 0.0 0.7 1.0  0.0 0.0 0.0 0.0 0.0 0.0 0.0 0.0 0.0  0.0 0.0    0.0  1.0 0.0 0.0 0.0 0.0 1.0  0.0 100.0
w    0.0 0.0   0.0  20. 0.40 1. 0.0
w   50.0 0.0   0.0  20. 0.30 1. 0.0
w -100.0 0.0  30.0  10. 0.20 1. 0.0
w    0.0 0.0 -47.0  15. 0.20 1. 0.0
w   10.0 0.0 200.0  10. 0.30 1. 0.0

